image: house11.pgm
resolution: 0.050000
origin: [-1.223361, -5.984062, 0.000000]
negate: 0
occupied_thresh: 0.65
free_thresh: 0.196

